Rank-1: 93.85%
Rank-5: 99.95%

              precision    recall  f1-score   support

           0       0.96      0.98      0.97        87
           1       0.98      0.98      0.98       127
           2       0.98      0.98      0.98       105
           3       0.94      0.91      0.92        97
           4       0.91      0.77      0.83        13
           5       0.95      0.98      0.97       217
           6       0.84      0.68      0.75        94
           7       0.90      0.92      0.91       186
           8       0.94      0.94      0.94        95
           9       0.91      0.95      0.93       190
          10       0.87      0.95      0.91       162
          11       0.90      0.86      0.88       140
          12       0.99      0.97      0.98       349
          13       0.92      0.85      0.88        40
          14       0.99      0.99      0.99       162

    accuracy                           0.94      2064
   macro avg       0.93      0.91      0.92      2064
weighted avg       0.94      0.94      0.94      2064

